Pre P 0
 0.000113588
 1.63436e-06
-4.61707e-05
Pre V 0
 0.0454364
0.00065376
-0.0184687
Pre R 0
           2 -0.000387454  8.72623e-05
 0.000387453            2  1.04886e-05
-8.72663e-05 -1.04548e-05            2
Pre Cov 0
 1.24988e-13            0            0  4.99963e-11            0            0            0            0            0
           0  1.24988e-13            0            0  4.99963e-11            0            0            0            0
           0            0  1.24988e-13            0            0  4.99963e-11            0            0            0
 4.99963e-11            0            0   1.9999e-08            0            0            0            0            0
           0  4.99963e-11            0            0   1.9999e-08            0            0            0            0
           0            0  4.99963e-11            0            0   1.9999e-08            0            0            0
           0            0            0            0            0            0  1.43949e-10 -1.09618e-20 -4.86705e-20
           0            0            0            0            0            0 -1.09618e-20  1.43949e-10  4.05588e-19
           0            0            0            0            0            0 -4.86705e-20  4.05588e-19  1.43949e-10
Pre P jacobian gyr 0
0 0 0
0 0 0
0 0 0
Pre P jacobian acc 0
-1.24994e-05            0            0
           0 -1.24994e-05            0
           0            0 -1.24994e-05
Pre V jacobian gyr 0
0 0 0
0 0 0
0 0 0
Pre V jacobian acc 0
-0.00499988           0           0
          0 -0.00499988           0
          0           0 -0.00499988
Pre Rot jacobian acc 0
 -0.00499988 -9.68609e-07  2.18159e-07
  9.6861e-07  -0.00499988  2.61505e-08
-2.18152e-07 -2.62068e-08  -0.00499988
Pre P 1
 0.000567764
 8.01145e-06
-0.000230877
Pre V 1
   0.13623
0.00189702
-0.0554119
Pre R 1
           3  -0.00105567  0.000248827
  0.00105567            3  2.45063e-05
 -0.00024884 -2.43646e-05            3
Pre Cov 1
 1.62501e-12 -1.01675e-19  3.01735e-18  3.50008e-10 -4.06689e-17  1.20691e-15 -7.71028e-18 -1.32952e-14 -4.47588e-16
-1.01675e-19  1.62501e-12   4.5551e-20 -4.06689e-17  3.50011e-10    1.822e-17  1.32906e-14 -8.17149e-18  3.26768e-14
 3.01735e-18   4.5551e-20  1.62501e-12  1.20691e-15    1.822e-17   3.5001e-10   4.2832e-16 -3.26752e-14 -3.37283e-19
 3.50008e-10 -4.06689e-17  1.20691e-15  1.00003e-07 -1.62672e-14  4.82754e-13 -3.08404e-15 -5.31795e-12 -1.79031e-13
-4.06689e-17  3.50011e-10    1.822e-17 -1.62672e-14  1.00004e-07  7.28782e-15   5.3161e-12 -3.26852e-15  1.30704e-11
 1.20691e-15    1.822e-17   3.5001e-10  4.82754e-13  7.28782e-15  1.00004e-07  1.71324e-13 -1.30698e-11  -1.3491e-16
-7.71028e-18  1.32906e-14   4.2832e-16 -3.08404e-15   5.3161e-12  1.71324e-13  2.87912e-10 -1.91523e-20 -8.14335e-20
-1.32952e-14 -8.17149e-18 -3.26752e-14 -5.31795e-12 -3.26852e-15 -1.30698e-11 -1.91523e-20  2.87912e-10  8.64032e-19
-4.47588e-16  3.26768e-14 -3.37283e-19 -1.79031e-13  1.30704e-11  -1.3491e-16 -8.14335e-20  8.64032e-19  2.87912e-10
Pre P jacobian gyr 1
 4.03939e-17  4.61789e-07  1.55407e-08
-4.61789e-07  3.16251e-15 -1.13492e-06
-1.55407e-08  1.13492e-06 -3.20296e-15
Pre P jacobian acc 1
-6.25005e-05   4.8434e-09 -1.09083e-09
-4.84338e-09 -6.25005e-05 -1.31114e-10
 1.09088e-09  1.30691e-10 -6.25005e-05
Pre V jacobian gyr 1
 1.61572e-14  0.000184711  6.21612e-06
-0.000184711  1.26498e-12 -0.000453956
-6.21612e-06  0.000453956 -1.28116e-12
Pre V jacobian acc 1
  -0.0150001  1.93731e-06 -4.36321e-07
-1.93731e-06   -0.0150001 -5.24443e-08
 4.36342e-07  5.22752e-08   -0.0150001
Pre Rot jacobian acc 1
 -0.00999999  -3.9008e-06  9.51227e-07
 3.90081e-06  -0.00999999  7.82984e-08
-9.51185e-07 -7.87895e-08  -0.00999999
Pre P 2
  0.00158787
 2.31314e-05
-0.000645577
Pre V 2
  0.271804
0.00415082
 -0.110464
Pre R 2
           4  -0.00192615  0.000448884
  0.00192614            4  4.69334e-05
-0.000448916 -4.66174e-05            4
Pre Cov 2
 8.75047e-12 -2.47266e-18  6.75961e-17  1.30007e-09 -5.98093e-16  1.61987e-14 -6.63904e-17  -7.9512e-14 -2.96621e-15
-2.47266e-18  8.75064e-12  1.06306e-18 -6.23356e-16  1.30011e-09  2.67496e-16  7.94737e-14 -7.09885e-17  1.95627e-13
 6.75961e-17  1.06306e-18  8.75061e-12  1.61914e-14  2.55097e-16   1.3001e-09  2.79984e-15 -1.95613e-13 -3.48386e-18
 1.30007e-09 -6.23356e-16  1.61914e-14  2.80013e-07  -1.5803e-13  4.07185e-12 -1.64449e-14 -2.11682e-11 -8.28282e-13
-5.98093e-16  1.30011e-09  2.55097e-16  -1.5803e-13  2.80023e-07  6.81024e-14  2.11587e-11 -1.76131e-14  5.21071e-11
 1.61987e-14  2.67496e-16   1.3001e-09  4.07185e-12  6.81024e-14  2.80021e-07  7.87027e-13 -5.21039e-11 -8.78249e-16
-6.63904e-17  7.94737e-14  2.79984e-15 -1.64449e-14  2.11587e-11  7.87027e-13  4.31876e-10  -2.9673e-20 -1.28341e-19
 -7.9512e-14 -7.09885e-17 -1.95613e-13 -2.11682e-11 -1.76131e-14 -5.21039e-11  -2.9673e-20  4.31876e-10  1.23943e-18
-2.96621e-15  1.95627e-13 -3.48386e-18 -8.28282e-13  5.21071e-11 -8.78249e-16 -1.28341e-19  1.23943e-18  4.31876e-10
Pre P jacobian gyr 2
 -5.1877e-11  2.76171e-06  1.02969e-07
-2.76175e-06 -5.15608e-11 -6.79417e-06
-1.03098e-07  6.79419e-06  1.65056e-12
Pre P jacobian acc 2
-0.000175004  2.77267e-08 -6.38296e-09
-2.77266e-08 -0.000175004 -6.99685e-10
 6.38328e-09  6.96644e-10 -0.000175004
Pre V jacobian gyr 2
-2.07504e-08  0.000735234  2.87543e-05
-0.000735251 -2.06264e-08  -0.00180969
-2.88059e-05    0.0018097  6.62772e-10
Pre V jacobian acc 2
  -0.0300004  7.21579e-06 -1.68048e-06
-7.21577e-06   -0.0300004 -1.74979e-07
 1.68057e-06  1.74101e-07   -0.0300004
Pre Rot jacobian acc 2
  -0.0150001 -8.56967e-06   1.9985e-06
  8.5697e-06   -0.0150001  2.08664e-07
-1.99835e-06 -2.10202e-07   -0.0150001
Pre P 3
 0.00340037
5.02301e-05
 -0.0013818
Pre V 3
  0.453214
0.00668892
 -0.184033
Pre R 3
           5  -0.00299998  0.000715871
  0.00299996            5  7.86575e-05
-0.000715938 -7.80549e-05            5
Pre Cov 3
 3.07507e-11   -1.989e-17  5.35297e-16  3.50006e-09 -3.50857e-15  9.41713e-14 -2.89036e-16 -2.64779e-13 -9.85246e-15
  -1.989e-17   3.0752e-11  8.41495e-18 -3.44074e-15  3.50029e-09   1.4608e-15  2.64604e-13  -3.1215e-16  6.52053e-13
 5.35297e-16  8.41495e-18  3.07518e-11  9.41135e-14  1.46557e-15  3.50026e-09  9.12596e-15 -6.51992e-13 -1.79955e-17
 3.50006e-09 -3.44074e-15  9.41135e-14  6.00002e-07 -6.39497e-13  1.75081e-11 -5.21167e-14 -5.29405e-11 -1.92554e-12
-3.50857e-15  3.50029e-09  1.46557e-15 -6.39497e-13  6.00045e-07   2.7136e-13  5.29087e-11 -5.63361e-14  1.30462e-10
 9.41713e-14   1.4608e-15  3.50026e-09  1.75081e-11   2.7136e-13  6.00038e-07  1.79444e-12 -1.30451e-10 -3.30358e-15
-2.89036e-16  2.64604e-13  9.12596e-15 -5.21167e-14  5.29087e-11  1.79444e-12  5.75825e-10 -4.72277e-20 -1.93891e-19
-2.64779e-13  -3.1215e-16 -6.51992e-13 -5.29405e-11 -5.63361e-14 -1.30451e-10 -4.72277e-20  5.75825e-10   1.7305e-18
-9.85246e-15  6.52053e-13 -1.79955e-17 -1.92554e-12  1.30462e-10 -3.30358e-15 -1.93891e-19   1.7305e-18  5.75825e-10
Pre P jacobian gyr 3
-4.01285e-10  9.19655e-06  3.41908e-07
-9.19682e-06  -4.1779e-10 -2.26451e-05
-3.42912e-07  2.26452e-05 -8.45559e-12
Pre P jacobian acc 3
   -0.000375  8.78805e-08 -2.03959e-08
-8.78802e-08    -0.000375 -2.16119e-09
 2.03971e-08  2.14982e-09    -0.000375
Pre V jacobian gyr 3
-1.19016e-07   0.00183877  6.68236e-05
 -0.00183884 -1.25869e-07  -0.00453083
 -6.7122e-05   0.00453085 -4.70533e-09
Pre V jacobian acc 3
  -0.0499999  1.68463e-05 -3.92485e-06
-1.68463e-05   -0.0499999  -4.0964e-07
  3.9251e-06  4.07182e-07        -0.05
Pre Rot jacobian acc 3
       -0.02 -1.54112e-05  3.83119e-06
 1.54113e-05        -0.02  4.51882e-07
-3.83074e-06 -4.55781e-07        -0.02
Pre P 4
 0.00623378
9.21824e-05
-0.00253339
Pre V 4
 0.680176
0.0100924
-0.276613
Pre R 4
           6  -0.00424302   0.00102572
  0.00424299            6  0.000111533
 -0.00102583 -0.000110545            6
Pre Cov 4
 8.38747e-11 -9.55459e-17  2.59226e-15  7.74998e-09  -1.3365e-14  3.62315e-13  -8.8773e-16 -6.62747e-13 -2.43885e-14
-9.55459e-17  8.38811e-11  4.00816e-17 -1.32636e-14  7.75087e-09  5.60667e-15  6.62195e-13 -9.57203e-16  1.63116e-12
 2.59226e-15  4.00816e-17    8.388e-11  3.62678e-13  5.52651e-15  7.75072e-09  2.21581e-14 -1.63096e-12 -5.36659e-17
 7.74998e-09 -1.32636e-14  3.62678e-13  1.09999e-06 -1.96546e-12  5.36981e-11 -1.25324e-13 -1.06251e-10 -3.88734e-12
 -1.3365e-14  7.75087e-09  5.52651e-15 -1.96546e-12  1.10012e-06  8.28402e-13  1.06173e-10 -1.34985e-13  2.61172e-10
 3.62315e-13  5.60667e-15  7.75072e-09  5.36981e-11  8.28402e-13   1.1001e-06  3.57287e-12 -2.61144e-10 -7.42989e-15
 -8.8773e-16  6.62195e-13  2.21581e-14 -1.25324e-13  1.06173e-10  3.57287e-12  7.19774e-10  -6.0397e-20 -2.43504e-19
-6.62747e-13 -9.57203e-16 -1.63096e-12 -1.06251e-10 -1.34985e-13 -2.61144e-10  -6.0397e-20  7.19774e-10  2.22597e-18
-2.43885e-14  1.63116e-12 -5.36659e-17 -3.88734e-12  2.61172e-10 -7.42989e-15 -2.43504e-19  2.22597e-18  7.19774e-10
Pre P jacobian gyr 4
-1.77767e-09  2.30191e-05  8.46157e-07
-2.30203e-05 -1.91647e-09 -5.66462e-05
-8.50621e-07  5.66467e-05 -1.03324e-10
Pre P jacobian acc 4
-0.000687491  2.09608e-07 -4.89676e-08
-2.09607e-07 -0.000687491 -5.19251e-09
 4.89709e-08  5.16131e-09 -0.000687491
Pre V jacobian gyr 4
-4.31549e-07   0.00369038  0.000134881
 -0.00369067 -4.73618e-07  -0.00906998
-0.000135967   0.00907008 -3.32428e-08
Pre V jacobian acc 4
  -0.0749993  3.18458e-05 -7.50411e-06
-3.18457e-05   -0.0749993 -8.02918e-07
  7.5047e-06  7.97447e-07   -0.0749993
Pre Rot jacobian acc 4
  -0.0249998 -2.42859e-05  6.18754e-06
 2.42861e-05   -0.0249998  6.85536e-07
-6.18666e-06 -6.93455e-07   -0.0249999
Pre P 5
  0.0103138
0.000148637
-0.00419365
Pre V 5
 0.951806
 0.012489
-0.387477
Pre R 5
           7  -0.00563895   0.00137835
  0.00563892            7  0.000135161
 -0.00137849 -0.000133681            7
Pre Cov 5
 1.93378e-10 -3.28092e-16  9.32006e-15  1.50504e-08  -3.7889e-14   1.0817e-12 -2.20403e-15 -1.39351e-12 -4.81422e-14
-3.28092e-16  1.93401e-10  1.37141e-16 -3.38744e-14   1.5053e-08  1.44048e-14  1.39211e-12  -2.3363e-15  3.42602e-12
 9.32006e-15  1.37141e-16  1.93398e-10  1.08308e-12  1.55548e-14  1.50526e-08  4.26267e-14 -3.42553e-12 -9.44586e-17
 1.50504e-08 -3.38744e-14  1.08308e-12  1.82006e-06 -4.11568e-12  1.33182e-10 -2.54888e-13 -1.86048e-10 -5.61385e-12
 -3.7889e-14   1.5053e-08  1.55548e-14 -4.11568e-12  1.82038e-06  1.73636e-12  1.85887e-10 -2.69007e-13  4.56718e-10
  1.0817e-12  1.44048e-14  1.50526e-08  1.33182e-10  1.73636e-12  1.82033e-06  4.97789e-12  -4.5666e-10 -1.02129e-14
-2.20403e-15  1.39211e-12  4.26267e-14 -2.54888e-13  1.85887e-10  4.97789e-12  8.63737e-10 -6.04204e-20 -2.43592e-19
-1.39351e-12  -2.3363e-15 -3.42553e-12 -1.86048e-10 -2.69007e-13  -4.5666e-10 -6.04204e-20  8.63737e-10  2.74268e-18
-4.81422e-14  3.42602e-12 -9.44586e-17 -5.61385e-12  4.56718e-10 -1.02129e-14 -2.43592e-19  2.74268e-18  8.63737e-10
Pre P jacobian gyr 5
-5.75521e-09  4.84005e-05  1.67031e-06
-4.84045e-05 -6.27038e-09 -0.000118974
-1.68475e-06  0.000118975 -4.11748e-10
Pre P jacobian acc 5
  -0.0011375  4.21881e-07 -9.93112e-08
-4.21879e-07   -0.0011375 -1.06014e-08
 9.93187e-08  1.05305e-08   -0.0011375
Pre V jacobian gyr 5
-1.15943e-06   0.00646197  0.000194771
 -0.00646278 -1.26791e-06   -0.0158605
-0.000197676    0.0158608 -9.01243e-08
Pre V jacobian acc 5
      -0.105  5.30614e-05 -1.26328e-05
-5.30612e-05       -0.105 -1.36059e-06
  1.2634e-05  1.35018e-06       -0.105
Pre Rot jacobian acc 5
  -0.0299999 -3.52292e-05  9.16365e-06
 3.52295e-05   -0.0299999  6.82499e-07
 -9.1625e-06 -6.96657e-07        -0.03
Pre P 6
  0.0158688
0.000223876
-0.00645161
Pre V 6
  1.27013
0.0176056
-0.515683
Pre R 6
           8  -0.00713515   0.00177556
  0.00713511            8  0.000168796
 -0.00177575 -0.000166722            8
Pre Cov 6
 3.95516e-10 -9.32235e-16  2.73733e-14  2.66014e-08 -9.22478e-14  2.72182e-12 -4.65156e-15 -2.60061e-12 -8.72847e-14
-9.32235e-16  3.95584e-10  3.88358e-16 -9.14653e-14  2.66081e-08  3.87699e-14  2.59754e-12 -4.92349e-15  6.39741e-12
 2.73733e-14  3.88358e-16  3.95573e-10  2.71709e-12  3.74795e-14   2.6607e-08  7.56449e-14 -6.39631e-12 -1.92392e-16
 2.66014e-08 -9.14653e-14  2.71709e-12  2.80016e-06 -9.64556e-12  2.86197e-10 -4.51882e-13 -2.96784e-10 -1.00375e-11
-9.22478e-14  2.66081e-08  3.74795e-14 -9.64556e-12  2.80087e-06  4.02602e-12  2.96485e-10 -4.78306e-13  7.31724e-10
 2.72182e-12  3.87699e-14   2.6607e-08  2.86197e-10  4.02602e-12  2.80075e-06  8.90505e-12 -7.31617e-10 -1.87043e-14
-4.65156e-15  2.59754e-12  7.56449e-14 -4.51882e-13  2.96485e-10  8.90505e-12   1.0077e-09 -7.01288e-20 -2.74824e-19
-2.60061e-12 -4.92349e-15 -6.39631e-12 -2.96784e-10 -4.78306e-13 -7.31617e-10 -7.01288e-20   1.0077e-09  3.25405e-18
-8.72847e-14  6.39741e-12 -1.92392e-16 -1.00375e-11  7.31724e-10 -1.87043e-14 -2.74824e-19  3.25405e-18   1.0077e-09
Pre P jacobian gyr 6
-1.50566e-08  9.03267e-05   3.0279e-06
-9.03373e-05 -1.62475e-08 -0.000222152
 -3.0657e-06  0.000222156 -9.10031e-10
Pre P jacobian acc 6
 -0.00175002  7.57684e-07 -1.79707e-07
-7.57681e-07  -0.00175002 -1.90941e-08
 1.79722e-07  1.89527e-08  -0.00175002
Pre V jacobian gyr 6
-2.56106e-06    0.0103081  0.000348253
    -0.01031 -2.72286e-06   -0.0254098
-0.000354694    0.0254105 -1.09184e-07
Pre V jacobian acc 6
   -0.140001  8.12568e-05 -1.95248e-05
-8.12564e-05    -0.140001 -2.03641e-06
 1.95266e-05   2.0186e-06    -0.140001
Pre Rot jacobian acc 6
      -0.035 -4.72547e-05  1.29078e-05
 4.72552e-05       -0.035  9.05332e-07
 -1.2906e-05 -9.28288e-07   -0.0350001
Pre P 7
  0.0231255
0.000320057
-0.00939707
Pre V 7
  1.63261
0.0208677
-0.662533
Pre R 7
     8.99999   -0.0087906    0.0022026
  0.00879053      8.99999  0.000218338
 -0.00220287 -0.000215556            9
Pre Cov 7
 7.39527e-10 -2.30579e-15  6.94492e-14  4.38024e-08 -1.99634e-13  6.03595e-12 -9.01084e-15 -4.45443e-12 -1.45775e-13
-2.30579e-15  7.39698e-10  9.57494e-16 -1.84127e-13  4.38173e-08  7.83789e-14  4.44844e-12 -9.64136e-15  1.09697e-11
 6.94492e-14  9.57494e-16   7.3967e-10  6.02751e-12  8.05377e-14  4.38148e-08   1.2317e-13 -1.09675e-11 -4.80711e-16
 4.38024e-08 -1.84127e-13  6.02751e-12  4.08021e-06 -1.68603e-11  5.54843e-10  -7.6018e-13 -4.44763e-10 -1.33357e-11
-1.99634e-13  4.38173e-08  8.05377e-14 -1.68603e-11  4.08158e-06   7.0285e-12  4.44261e-10 -8.15427e-13  1.09707e-09
 6.03595e-12  7.83789e-14  4.38148e-08  5.54843e-10   7.0285e-12  4.08135e-06  1.14262e-11 -1.09689e-09 -4.35034e-14
-9.01084e-15  4.44844e-12   1.2317e-13  -7.6018e-13  4.44261e-10  1.14262e-11  1.15165e-09 -9.35333e-20 -3.58961e-19
-4.45443e-12 -9.64136e-15 -1.09675e-11 -4.44763e-10 -8.15427e-13 -1.09689e-09 -9.35333e-20  1.15165e-09  3.79181e-18
-1.45775e-13  1.09697e-11 -4.80711e-16 -1.33357e-11  1.09707e-09 -4.35034e-14 -3.58961e-19  3.79181e-18  1.15165e-09
Pre P jacobian gyr 7
-3.37077e-08  0.000154715  5.05448e-06
 -0.00015474 -3.59182e-08 -0.000380912
 -5.1391e-06  0.000380921  -1.5776e-09
Pre P jacobian acc 7
    -0.00255  1.25314e-06 -2.99522e-07
-1.25314e-06     -0.00255 -3.13858e-08
 2.99548e-07  3.11294e-08     -0.00255
Pre V jacobian gyr 7
-4.89957e-06    0.0154479  0.000462402
  -0.0154516 -5.14563e-06   -0.0380957
-0.000474683    0.0380971 -1.57849e-07
Pre V jacobian acc 7
       -0.18  0.000116932 -2.84024e-05
-0.000116931        -0.18 -2.88038e-06
 2.84051e-05  2.85219e-06        -0.18
Pre Rot jacobian acc 7
  -0.0399999 -6.23076e-05  1.70969e-05
 6.23085e-05   -0.0399999  1.55381e-06
-1.70938e-05 -1.58887e-06        -0.04
Pre P 8
   0.032316
0.000441934
 -0.0131264
Pre V 8
  2.04369
0.0278846
 -0.82922
Pre R 8
     9.99999   -0.0105356   0.00262941
   0.0105355      9.99999  0.000276625
 -0.00262978 -0.000273098           10
Pre Cov 8
 1.28967e-09  -5.1734e-15  1.57847e-13   6.8254e-08 -3.99665e-13  1.22097e-11 -1.59786e-14 -7.15808e-12 -2.32817e-13
 -5.1734e-15  1.29006e-09  2.14242e-15 -4.04884e-13  6.82841e-08  1.71985e-13  7.14775e-12 -1.73048e-14  1.76392e-11
 1.57847e-13  2.14242e-15     1.29e-09  1.21983e-11  1.60082e-13  6.82792e-08  1.92636e-13 -1.76354e-11 -1.07416e-15
  6.8254e-08 -4.04884e-13  1.21983e-11  5.70031e-06 -3.33556e-11  9.99416e-10 -1.18609e-12 -6.36727e-10 -2.14347e-11
-3.99665e-13  6.82841e-08  1.60082e-13 -3.33556e-11  5.70277e-06   1.3829e-11  6.35973e-10 -1.28919e-12   1.5706e-09
 1.22097e-11  1.71985e-13  6.82792e-08  9.99416e-10   1.3829e-11  5.70237e-06  1.84473e-11 -1.57033e-09 -8.42315e-14
-1.59786e-14  7.14775e-12  1.92636e-13 -1.18609e-12  6.35973e-10  1.84473e-11   1.2956e-09 -1.15403e-19  -4.5437e-19
-7.15808e-12 -1.73048e-14 -1.76354e-11 -6.36727e-10 -1.28919e-12 -1.57033e-09 -1.15403e-19   1.2956e-09  4.18994e-18
-2.32817e-13  1.76392e-11 -1.07416e-15 -2.14347e-11   1.5706e-09 -8.42315e-14  -4.5437e-19  4.18994e-18   1.2956e-09
Pre P jacobian gyr 8
-6.77608e-08  0.000248621  8.06785e-06
-0.000248672 -7.19593e-08  -0.00061249
  -8.238e-06  0.000612509 -2.85828e-09
Pre P jacobian acc 8
 -0.00356247  1.94766e-06 -4.69061e-07
-1.94765e-06  -0.00356247 -4.85164e-08
 4.69105e-07  4.80843e-08  -0.00356247
Pre V jacobian gyr 8
-8.72197e-06    0.0221154  0.000742975
  -0.0221221 -9.27115e-06   -0.0545379
 -0.00076491    0.0545403 -3.54438e-07
Pre V jacobian acc 8
   -0.224999  0.000160884 -3.94151e-05
-0.000160883    -0.224999 -3.97204e-06
 3.94192e-05  3.92995e-06    -0.224999
Pre Rot jacobian acc 8
  -0.0449997 -7.84775e-05  2.08064e-05
 7.84789e-05   -0.0449997  2.43671e-06
 -2.0801e-05 -2.48509e-06   -0.0449998
Pre P 9
  0.0436665
0.000590713
 -0.0177275
Pre V 9
  2.49639
0.0316255
 -1.01118
Pre R 9
         11  -0.0124085  0.00308578
  0.0124084          11 0.000321521
-0.00308624 -0.00031714          11
Pre Cov 9
 2.12725e-09 -1.06663e-14  3.28842e-13  1.01759e-07 -7.42173e-13  2.28697e-11 -2.68449e-14 -1.09311e-11 -3.52205e-13
-1.06663e-14  2.12806e-09  4.40624e-15 -6.94779e-13  1.01815e-07  2.96975e-13  1.09142e-11 -2.89439e-14  2.69598e-11
 3.28842e-13  4.40624e-15  2.12793e-09  2.28203e-11  2.94741e-13  1.01806e-07  2.84721e-13 -2.69537e-11 -1.69444e-15
 1.01759e-07 -6.94779e-13  2.28203e-11  7.70067e-06 -5.11143e-11  1.68009e-09 -1.77798e-12 -8.72467e-10 -2.62942e-11
-7.42173e-13  1.01815e-07  2.94741e-13 -5.11143e-11  7.70483e-06  2.11402e-11  8.71363e-10 -1.91546e-12  2.15726e-09
 2.28697e-11  2.96975e-13  1.01806e-07  1.68009e-09  2.11402e-11  7.70415e-06  2.18179e-11 -2.15686e-09 -1.12178e-13
-2.68449e-14  1.09142e-11  2.84721e-13 -1.77798e-12  8.71363e-10  2.18179e-11  1.43956e-09 -1.22953e-19 -4.87505e-19
-1.09311e-11 -2.89439e-14 -2.69537e-11 -8.72467e-10 -1.91546e-12 -2.15686e-09 -1.22953e-19  1.43956e-09  4.62329e-18
-3.52205e-13  2.69598e-11 -1.69444e-15 -2.62942e-11  2.15726e-09 -1.12178e-13 -4.87505e-19  4.62329e-18  1.43956e-09
Pre P jacobian gyr 9
-1.25421e-07  0.000379671  1.22031e-05
-0.000379765 -1.33843e-07 -0.000936112
-1.25187e-05  0.000936146 -5.92423e-09
Pre P jacobian acc 9
 -0.00481249   2.8838e-06  -6.9901e-07
-2.88378e-06  -0.00481249  -7.1835e-08
 6.99079e-07  7.11484e-08  -0.00481249
Pre V jacobian gyr 9
-1.43415e-05    0.0303033  0.000911095
  -0.0303141  -1.5482e-05   -0.0749077
-0.000947317    0.0749116 -8.71912e-07
Pre V jacobian acc 9
      -0.275  0.000213563 -5.25624e-05
-0.000213561       -0.275 -5.35519e-06
 5.25684e-05  5.29547e-06       -0.275
Pre Rot jacobian acc 9
  -0.0499998 -9.73795e-05  2.51185e-05
 9.73813e-05   -0.0499998   2.7592e-06
-2.51114e-05 -2.82468e-06   -0.0499999
Pre P 10
  0.0573981
0.000769342
 -0.0232884
Pre V 10
  2.99615
0.0398246
 -1.21313
Pre R 10
          12   -0.0143472    0.0035798
    0.014347           12  0.000373127
 -0.00358035 -0.000367788           12
Pre Cov 10
 3.35253e-09 -2.05426e-14  6.38371e-13  1.46317e-07 -1.30154e-12  4.03655e-11 -4.24226e-14 -1.60204e-11  -5.1338e-13
-2.05426e-14  3.35411e-09  8.46677e-15 -1.30372e-12  1.46417e-07  5.56697e-13  1.59934e-11 -4.57261e-14  3.95468e-11
 6.38371e-13  8.46677e-15  3.35385e-09  4.02957e-11  5.13353e-13    1.464e-07  4.06664e-13 -3.95371e-11 -2.67163e-15
 1.46317e-07 -1.30372e-12  4.02957e-11  1.01212e-05  -8.7818e-11  2.69697e-09 -2.52917e-12  -1.1632e-09 -3.81183e-11
-1.30154e-12  1.46417e-07  5.13353e-13  -8.7818e-11  1.01279e-05  3.61757e-11   1.1616e-09 -2.72421e-12  2.87689e-09
 4.03655e-11  5.56697e-13    1.464e-07  2.69697e-09  3.61757e-11  1.01268e-05  3.17452e-11 -2.87632e-09 -1.56693e-13
-4.24226e-14  1.59934e-11  4.06664e-13 -2.52917e-12   1.1616e-09  3.17452e-11  1.58353e-09 -1.35699e-19 -5.34115e-19
-1.60204e-11 -4.57261e-14 -3.95371e-11  -1.1632e-09 -2.72421e-12 -2.87632e-09 -1.35699e-19  1.58353e-09  5.07266e-18
 -5.1338e-13  3.95468e-11 -2.67163e-15 -3.81183e-11  2.87689e-09 -1.56693e-13 -5.34115e-19  5.07266e-18  1.58353e-09
Pre P jacobian gyr 10
-2.17593e-07  0.000556436  1.77829e-05
-0.000556598 -2.33634e-07  -0.00137312
-1.83315e-05   0.00137318 -1.17185e-08
Pre P jacobian acc 10
 -0.00632503  4.10675e-06  -1.0004e-06
-4.10673e-06  -0.00632503 -1.02631e-07
 1.00051e-06  1.01591e-07  -0.00632503
Pre V jacobian gyr 10
-2.25266e-05    0.0404012   0.00132078
  -0.0404175 -2.44334e-05   -0.0998933
 -0.00137775    0.0998991 -1.44576e-06
Pre V jacobian acc 10
   -0.330001  0.000275607 -6.79917e-05
-0.000275605    -0.330001 -6.96283e-06
     6.8e-05  6.88121e-06    -0.330001
Pre Rot jacobian acc 10
  -0.0549999 -0.000116805  3.04343e-05
 0.000116808   -0.0549999  3.29873e-06
-3.04249e-05 -3.38529e-06   -0.0550001
Pre P 11
  0.0737352
0.000987226
 -0.0299059
Pre V 11
  3.53886
0.0473312
 -1.43394
Pre R 11
          13    -0.016419   0.00410714
   0.0164188           13   0.00043637
 -0.00410783 -0.000429939           13
Pre Cov 11
 5.08671e-09 -3.77691e-14  1.16966e-12  2.04127e-07 -2.19818e-12  6.77626e-11 -6.51412e-14 -2.27103e-11 -7.34113e-13
-3.77691e-14  5.08959e-09  1.55365e-14 -2.20905e-12  2.04294e-07  9.45013e-13  2.26687e-11 -7.05375e-14  5.60821e-11
 1.16966e-12  1.55365e-14  5.08912e-09   6.7738e-11  8.62936e-13  2.04267e-07  5.70028e-13 -5.60671e-11 -4.42846e-15
 2.04127e-07 -2.20905e-12   6.7738e-11  1.30016e-05 -1.36515e-10  4.15308e-09 -3.54554e-12 -1.51285e-09 -5.00427e-11
-2.19818e-12  2.04294e-07  8.62936e-13 -1.36515e-10  1.30119e-05  5.61835e-11  1.51059e-09 -3.84034e-12  3.73655e-09
 6.77626e-11  9.45013e-13  2.04267e-07  4.15308e-09  5.61835e-11  1.30102e-05   4.1105e-11 -3.73575e-09 -2.40466e-13
-6.51412e-14  2.26687e-11  5.70028e-13 -3.54554e-12  1.51059e-09   4.1105e-11  1.72747e-09 -1.58372e-19 -6.18258e-19
-2.27103e-11 -7.05375e-14 -5.60671e-11 -1.51285e-09 -3.84034e-12 -3.73575e-09 -1.58372e-19  1.72747e-09  5.59359e-18
-7.34113e-13  5.60821e-11 -4.42846e-15 -5.00427e-11  3.73655e-09 -2.40466e-13 -6.18258e-19  5.59359e-18  1.72747e-09
Pre P jacobian gyr 11
 -3.5814e-07  0.000788797  2.54179e-05
-0.000789059 -3.86229e-07  -0.00194719
-2.63214e-05   0.00194729 -2.08952e-08
Pre P jacobian acc 11
 -0.00812498  5.66408e-06  -1.3851e-06
-5.66405e-06  -0.00812499 -1.42108e-07
 1.38525e-06  1.40593e-07  -0.00812499
Pre V jacobian gyr 11
-3.36934e-05    0.0525455   0.00173329
  -0.0525694  -3.6606e-05    -0.129739
 -0.00181832     0.129748 -2.22501e-06
Pre V jacobian acc 11
   -0.389999  0.000347341 -8.58903e-05
-0.000347338    -0.389999 -8.82842e-06
 8.59013e-05   8.7201e-06        -0.39
Pre Rot jacobian acc 11
  -0.0599997 -0.000139886  3.66577e-05
 0.000139889   -0.0599997  4.28883e-06
-3.66446e-05  -4.4027e-06   -0.0599999
Pre P 12
 0.0929042
0.00125361
-0.0376854
Pre V 12
  4.12891
0.0592231
 -1.67794
Pre R 12
          14   -0.0185737   0.00465395
   0.0185734           14  0.000498431
 -0.00465477 -0.000490821           14
Pre Cov 12
 7.47411e-09 -6.69635e-14  2.04277e-12  2.77592e-07 -3.61219e-12  1.09291e-10 -9.64314e-14  -3.1328e-11 -1.03616e-12
-6.69635e-14  7.47915e-09  2.75111e-14 -3.87369e-12  2.77861e-07  1.65565e-12  3.12662e-11 -1.04568e-13  7.73162e-11
 2.04277e-12  2.75111e-14  7.47833e-09  1.09594e-10  1.41506e-12  2.77817e-07  7.93199e-13 -7.72939e-11 -6.69437e-15
 2.77592e-07 -3.87369e-12  1.09594e-10  1.63823e-05 -2.22534e-10  6.20589e-09 -4.82697e-12 -1.93434e-09 -7.06274e-11
-3.61219e-12  2.77861e-07  1.41506e-12 -2.22534e-10  1.63976e-05  9.16682e-11  1.93127e-09 -5.23476e-12  4.75619e-09
 1.09291e-10  1.65565e-12  2.77817e-07  6.20589e-09  9.16682e-11  1.63951e-05  5.84851e-11 -4.75509e-09 -3.28265e-13
-9.64314e-14  3.12662e-11  7.93199e-13 -4.82697e-12  1.93127e-09  5.84851e-11  1.87142e-09 -1.75923e-19 -6.84387e-19
 -3.1328e-11 -1.04568e-13 -7.72939e-11 -1.93434e-09 -5.23476e-12 -4.75509e-09 -1.75923e-19  1.87142e-09  6.08901e-18
-1.03616e-12  7.73162e-11 -6.69437e-15 -7.06274e-11  4.75619e-09 -3.28265e-13 -6.84387e-19  6.08901e-18  1.87142e-09
Pre P jacobian gyr 12
-5.65182e-07   0.00108812  3.58665e-05
 -0.00108852 -6.11853e-07  -0.00268437
-3.72911e-05   0.00268451 -3.49262e-08
Pre P jacobian acc 12
  -0.0102374  7.60597e-06 -1.86588e-06
-7.60592e-06   -0.0102374 -1.91703e-07
 1.86609e-06  1.89566e-07   -0.0102374
Pre V jacobian gyr 12
-4.91256e-05    0.0671854   0.00244623
  -0.0672197 -5.36457e-05    -0.165138
 -0.00256966      0.16515 -3.38753e-06
Pre V jacobian acc 12
   -0.454998  0.000429434 -0.000106425
 -0.00042943    -0.454998 -1.10102e-05
  0.00010644  1.08697e-05    -0.454998
Pre Rot jacobian acc 12
  -0.0649995 -0.000164538  4.32044e-05
 0.000164542   -0.0649995  5.14573e-06
-4.31873e-05 -5.29126e-06   -0.0649998
Pre P 13
  0.115135
0.00157185
-0.0467241
Pre V 13
  4.76269
0.0680641
 -1.93731
Pre R 13
         15  -0.0208197  0.00523688
  0.0208195          15  0.00055875
-0.00523783 -0.00054983          15
Pre Cov 13
 1.06844e-08 -1.14455e-13  3.42487e-12  3.69323e-07 -5.75155e-12   1.7016e-10 -1.38799e-13 -4.22139e-11 -1.43119e-12
-1.14455e-13  1.06928e-08  4.69907e-14 -6.00077e-12  3.69743e-07  2.57577e-12  4.21238e-11 -1.50314e-13  1.04069e-10
 3.42487e-12  4.69907e-14  1.06915e-08  1.70674e-10  2.24496e-12  3.69674e-07  1.08168e-12 -1.04037e-10 -9.38989e-15
 3.69323e-07 -6.00077e-12  1.70674e-10   2.0304e-05 -3.19737e-10  8.97273e-09 -6.41835e-12 -2.41973e-09  -8.7216e-11
-5.75155e-12  3.69743e-07  2.24496e-12 -3.19737e-10   2.0326e-05  1.31728e-10  2.41558e-09  -6.9441e-12   5.9427e-09
  1.7016e-10  2.57577e-12  3.69674e-07  8.97273e-09  1.31728e-10  2.03224e-05  7.10927e-11 -5.94122e-09 -4.18768e-13
-1.38799e-13  4.21238e-11  1.08168e-12 -6.41835e-12  2.41558e-09  7.10927e-11   2.0154e-09  -1.9047e-19 -7.34682e-19
-4.22139e-11 -1.50314e-13 -1.04037e-10 -2.41973e-09  -6.9441e-12 -5.94122e-09  -1.9047e-19   2.0154e-09  6.63909e-18
-1.43119e-12  1.04069e-10 -9.38989e-15  -8.7216e-11   5.9427e-09 -4.18768e-13 -7.34682e-19  6.63909e-18   2.0154e-09
Pre P jacobian gyr 13
 -8.6113e-07   0.00146622  4.95334e-05
 -0.00146683 -9.35555e-07   -0.0036131
-5.17012e-05   0.00361331 -5.59761e-08
Pre P jacobian acc 13
  -0.0126876  9.98549e-06 -2.45622e-06
-9.98542e-06   -0.0126876  -2.5299e-07
 2.45652e-06  2.50055e-07   -0.0126876
Pre V jacobian gyr 13
-6.92452e-05    0.0840444   0.00302015
  -0.0840924 -7.58261e-05    -0.206328
 -0.00319396     0.206345 -5.03182e-06
Pre V jacobian acc 13
   -0.525003  0.000522308 -0.000129697
-0.000522304    -0.525003 -1.35025e-05
 0.000129715   1.3324e-05    -0.525003
Pre Rot jacobian acc 13
  -0.0699998 -0.000191399  5.09826e-05
 0.000191405   -0.0699998  5.83392e-06
-5.09614e-05 -6.01864e-06   -0.0700001
Pre P 14
   0.14065
0.00192829
-0.0571051
Pre V 14
 5.44352
0.074515
-2.21519
Pre R 14
          16   -0.0231264   0.00581513
   0.0231261           16  0.000634932
 -0.00581626 -0.000624678           16
Pre Cov 14
 1.49133e-08 -1.86589e-13  5.54103e-12  4.82107e-07 -8.76244e-12  2.57079e-10  -1.9384e-13 -5.57122e-11   -1.901e-12
-1.86589e-13   1.4927e-08   7.6581e-14 -8.60578e-12   4.8274e-07  3.72072e-12  5.55872e-11 -2.11128e-13  1.37218e-10
 5.54103e-12   7.6581e-14  1.49247e-08  2.57772e-10   3.4047e-12  4.82636e-07  1.41268e-12 -1.37173e-10  -1.4337e-14
 4.82107e-07 -8.60578e-12  2.57772e-10  2.48053e-05 -4.26172e-10  1.26523e-08  -8.3154e-12 -2.97977e-09 -1.00301e-10
-8.76244e-12   4.8274e-07   3.4047e-12 -4.26172e-10  2.48363e-05   1.7562e-10  2.97445e-09 -9.05691e-12  7.31532e-09
 2.57079e-10  3.72072e-12  4.82636e-07  1.26523e-08   1.7562e-10  2.48312e-05  7.94068e-11 -7.31341e-09 -6.10748e-13
 -1.9384e-13  5.55872e-11  1.41268e-12  -8.3154e-12  2.97445e-09  7.94068e-11  2.15935e-09 -2.14103e-19 -8.30145e-19
-5.57122e-11 -2.11128e-13 -1.37173e-10 -2.97977e-09 -9.05691e-12 -7.31341e-09 -2.14103e-19  2.15935e-09  7.06899e-18
  -1.901e-12  1.37218e-10  -1.4337e-14 -1.00301e-10  7.31532e-09 -6.10748e-13 -8.30145e-19  7.06899e-18  2.15935e-09
Pre P jacobian gyr 14
-1.27239e-06   0.00193506  6.57604e-05
 -0.00193596  -1.3859e-06  -0.00476384
-6.89599e-05   0.00476415 -8.63317e-08
Pre P jacobian acc 14
     -0.0155  1.28572e-05 -3.17015e-06
-1.28571e-05      -0.0155 -3.27485e-07
 3.17055e-06  3.23546e-07      -0.0155
Pre V jacobian gyr 14
-9.52631e-05     0.103496    0.0034708
   -0.103562 -0.000104314    -0.253979
 -0.00370969     0.254002  -7.1107e-06
Pre V jacobian acc 14
   -0.600001  0.000626404 -0.000155881
-0.000626399    -0.600001 -1.62962e-05
 0.000155904  1.60731e-05    -0.600001
Pre Rot jacobian acc 14
  -0.0749996 -0.000218983  5.78179e-05
  0.00021899   -0.0749996  7.33164e-06
-5.77899e-05 -7.55636e-06       -0.075
Pre P 15
  0.169677
0.00232959
-0.0689153
Pre V 15
  6.16776
0.0860105
 -2.50899
Pre R 15
          17    -0.025534   0.00643112
   0.0255337           17  0.000709889
 -0.00643242 -0.000698153           17
Pre Cov 15
 2.03865e-08 -2.93523e-13  8.68984e-12  6.18953e-07 -1.29225e-11  3.77997e-10 -2.66148e-13 -7.21966e-11 -2.46589e-12
-2.93523e-13  2.04079e-08  1.20434e-13 -1.29201e-11  6.19883e-07  5.60162e-12  7.20244e-11 -2.90623e-13  1.77712e-10
 8.68984e-12  1.20434e-13  2.04043e-08  3.78619e-10  4.99347e-12   6.1973e-07  1.79542e-12  -1.7765e-10 -2.04252e-14
 6.18953e-07 -1.29201e-11  3.78619e-10   2.9927e-05  -6.0068e-10  1.74184e-08  -1.0648e-11 -3.61418e-09 -1.25213e-10
-1.29225e-11  6.19883e-07  4.99347e-12  -6.0068e-10  2.99697e-05  2.47144e-10  3.60734e-09 -1.16257e-11  8.87984e-09
 3.77997e-10  5.60162e-12   6.1973e-07  1.74184e-08  2.47144e-10  2.99627e-05  9.84368e-11 -8.87738e-09 -8.07703e-13
-2.66148e-13  7.20244e-11  1.79542e-12  -1.0648e-11  3.60734e-09  9.84368e-11   2.3033e-09 -2.36783e-19 -9.13585e-19
-7.21966e-11 -2.90623e-13  -1.7765e-10 -3.61418e-09 -1.16257e-11 -8.87738e-09 -2.36783e-19   2.3033e-09  7.58538e-18
-2.46589e-12  1.77712e-10 -2.04252e-14 -1.25213e-10  8.87984e-09 -8.07703e-13 -9.13585e-19  7.58538e-18   2.3033e-09
Pre P jacobian gyr 15
-1.82904e-06   0.00250761   8.5266e-05
  -0.0025089 -1.99689e-06  -0.00616947
-8.98634e-05   0.00616992 -1.29059e-07
Pre P jacobian acc 15
     -0.0187  1.62782e-05 -4.02222e-06
-1.62781e-05      -0.0187   -4.169e-07
 4.02275e-06  4.11718e-07      -0.0187
Pre V jacobian gyr 15
-0.000127402     0.125531   0.00433166
   -0.125619 -0.000140091    -0.308288
 -0.00465194     0.308319 -9.98069e-06
Pre V jacobian acc 15
   -0.679999  0.000742034 -0.000184956
-0.000742026    -0.679999 -1.94708e-05
 0.000184985  1.91964e-05    -0.679999
Pre Rot jacobian acc 15
  -0.0799994 -0.000249821  6.62072e-05
  0.00024983   -0.0799994  8.65957e-06
-6.61718e-05 -8.93429e-06   -0.0799999
Pre P 16
  0.202446
0.00278507
-0.0822508
Pre V 16
  6.94005
0.0961875
 -2.82534
Pre R 16
          18   -0.0280094   0.00707181
    0.028009           18  0.000801368
 -0.00707334 -0.000788045           18
Pre Cov 16
 2.73602e-08 -4.49459e-13  1.32616e-11  7.83065e-07 -1.86358e-11  5.43225e-10 -3.57749e-13 -9.20883e-11 -3.15323e-12
-4.49459e-13  2.73929e-08  1.84367e-13 -1.84098e-11  7.84401e-07  8.02021e-12   9.1855e-11 -3.93911e-13  2.26568e-10
 1.32616e-11  1.84367e-13  2.73875e-08  5.44332e-10  7.16926e-12   7.8418e-07  2.25098e-12 -2.26483e-10 -3.06947e-14
 7.83065e-07 -1.84098e-11  5.44332e-10  3.57092e-05 -8.05563e-10  2.35804e-08 -1.34147e-11 -4.34281e-09 -1.48807e-10
-1.86358e-11  7.84401e-07  7.16926e-12 -8.05563e-10  3.57671e-05  3.31508e-10   4.3341e-09 -1.47857e-11  1.06594e-08
 5.43225e-10  8.02021e-12   7.8418e-07  2.35804e-08  3.31508e-10  3.57575e-05   1.1504e-10 -1.06563e-08 -1.15739e-12
-3.57749e-13   9.1855e-11  2.25098e-12 -1.34147e-11   4.3341e-09   1.1504e-10  2.44725e-09 -2.74255e-19 -1.04483e-18
-9.20883e-11 -3.93911e-13 -2.26483e-10 -4.34281e-09 -1.47857e-11 -1.06563e-08 -2.74255e-19  2.44725e-09  8.10878e-18
-3.15323e-12  2.26568e-10 -3.06947e-14 -1.48807e-10  1.06594e-08 -1.15739e-12 -1.04483e-18  8.10878e-18  2.44725e-09
Pre P jacobian gyr 16
-2.56767e-06   0.00319852  0.000108955
 -0.00320031 -2.81058e-06   -0.0078653
-0.000115408   0.00786593 -1.88527e-07
Pre P jacobian acc 16
  -0.0223124  2.03074e-05 -5.02736e-06
-2.03073e-05   -0.0223124 -5.23125e-07
 5.02805e-06  5.16424e-07   -0.0223124
Pre V jacobian gyr 16
-0.000168057     0.150839    0.0051441
   -0.150955 -0.000185392    -0.370059
 -0.00556624       0.3701 -1.38071e-05
Pre V jacobian acc 16
   -0.764996  0.000869701  -0.00021711
-0.000869692    -0.764996 -2.30202e-05
 0.000217146  2.26871e-05    -0.764997
Pre Rot jacobian acc 16
  -0.0849991 -0.000282072  7.54261e-05
 0.000282085   -0.0849992  1.09357e-05
-7.53794e-05 -1.12677e-05   -0.0849998
Pre P 17
  0.239188
0.00330044
-0.0972068
Pre V 17
 7.75562
0.109946
-3.15666
Pre R 17
          19   -0.0305492   0.00772774
   0.0305487           19  0.000878289
 -0.00772947 -0.000863299           19
Pre Cov 17
  3.6125e-08 -6.72552e-13  1.97573e-11  9.77869e-07 -2.63499e-11  7.64428e-10 -4.71997e-13 -1.15831e-10 -3.98326e-12
-6.72552e-13  3.61736e-08  2.75811e-13  -2.6573e-11  9.79748e-07  1.16063e-11  1.15521e-10 -5.19562e-13  2.84872e-10
 1.97573e-11  2.75811e-13  3.61656e-08  7.65442e-10  1.00815e-11  9.79438e-07  2.79329e-12  -2.8476e-10 -4.03386e-14
 9.77869e-07  -2.6573e-11  7.65442e-10  4.21933e-05 -1.10061e-09   3.1314e-08 -1.66224e-11 -5.15362e-09 -1.82588e-10
-2.63499e-11  9.79748e-07  1.00815e-11 -1.10061e-09  4.22701e-05  4.52371e-10  5.14276e-09 -1.82868e-11  1.26562e-08
 7.64428e-10  1.16063e-11  9.79438e-07   3.1314e-08  4.52371e-10  4.22574e-05  1.40747e-10 -1.26523e-08 -1.39395e-12
-4.71997e-13  1.15521e-10  2.79329e-12 -1.66224e-11  5.14276e-09  1.40747e-10  2.59123e-09 -2.92443e-19  -1.1094e-18
-1.15831e-10 -5.19562e-13  -2.8476e-10 -5.15362e-09 -1.82868e-11 -1.26523e-08 -2.92443e-19  2.59123e-09  8.60734e-18
-3.98326e-12  2.84872e-10 -4.03386e-14 -1.82588e-10  1.26562e-08 -1.39395e-12  -1.1094e-18  8.60734e-18  2.59123e-09
Pre P jacobian gyr 17
-3.53067e-06   0.00402318  0.000137595
 -0.00402564 -3.87685e-06  -0.00988901
-0.000146471   0.00988988 -2.70966e-07
Pre P jacobian acc 17
  -0.0263626  2.50064e-05  -6.2014e-06
-2.50062e-05   -0.0263626 -6.48252e-07
 6.20229e-06  6.39719e-07   -0.0263627
Pre V jacobian gyr 17
-0.000217116     0.179001    0.0063112
   -0.179151 -0.000241083    -0.439369
 -0.00685794     0.439422 -1.91662e-05
Pre V jacobian acc 17
   -0.855003   0.00100976 -0.000252472
 -0.00100975    -0.855003 -2.70273e-05
 0.000252515  2.66276e-05    -0.855003
Pre Rot jacobian acc 17
  -0.0899994 -0.000315671  8.48996e-05
 0.000315686   -0.0899994  1.21267e-05
-8.48442e-05 -1.25219e-05   -0.0900001
Pre P 18
  0.280111
0.00387686
 -0.113878
Pre V 18
 8.61409
0.120627
-3.51179
Pre R 18
          20   -0.0331592   0.00836585
   0.0331587           20   0.00095288
 -0.00836777 -0.000936225           20
Pre Cov 18
 4.70036e-08 -9.84576e-13  2.88071e-11  1.20693e-06 -3.65563e-11  1.05576e-09 -6.13631e-13 -1.43899e-10 -4.96702e-12
-9.84576e-13  4.70744e-08  4.03719e-13 -3.61213e-11  1.20953e-06   1.5862e-11  1.43504e-10 -6.73756e-13  3.53725e-10
 2.88071e-11  4.03719e-13  4.70627e-08  1.05864e-09  1.39404e-11   1.2091e-06   3.4215e-12 -3.53582e-10 -5.09588e-14
 1.20693e-06 -3.61213e-11  1.05864e-09  4.94169e-05 -1.41573e-09  4.10213e-08  -2.0406e-11 -6.07384e-09 -2.10371e-10
-3.65563e-11  1.20953e-06  1.39404e-11 -1.41573e-09  4.95174e-05  5.82712e-10  6.06089e-09  -2.2351e-11  1.48815e-08
 1.05576e-09   1.5862e-11   1.2091e-06  4.10213e-08  5.82712e-10  4.95007e-05  1.59134e-10 -1.48769e-08 -1.62801e-12
-6.13631e-13  1.43504e-10   3.4215e-12  -2.0406e-11  6.06089e-09  1.59134e-10  2.73518e-09 -3.02348e-19 -1.15695e-18
-1.43899e-10 -6.73756e-13 -3.53582e-10 -6.07384e-09  -2.2351e-11 -1.48769e-08 -3.02348e-19  2.73518e-09   8.9772e-18
-4.96702e-12  3.53725e-10 -5.09588e-14 -2.10371e-10  1.48815e-08 -1.62801e-12 -1.15695e-18   8.9772e-18  2.73518e-09
Pre P jacobian gyr 18
-4.76673e-06   0.00499807  0.000171546
 -0.00500138 -5.25182e-06   -0.0122789
 -0.00018353    0.0122801 -3.82922e-07
Pre P jacobian acc 18
   -0.030875  3.04369e-05 -7.56032e-06
-3.04367e-05    -0.030875 -7.94363e-07
 7.56145e-06  7.83645e-07   -0.0308751
Pre V jacobian gyr 18
-0.000277321     0.210963   0.00726954
   -0.211154 -0.000308919    -0.516615
 -0.00796594     0.516682 -2.56172e-05
Pre V jacobian acc 18
       -0.95    0.0011625  -0.00029111
 -0.00116249        -0.95 -3.14186e-05
 0.000291161   3.0944e-05    -0.950001
Pre Rot jacobian acc 18
  -0.0949991 -0.000351186  9.23306e-05
 0.000351203   -0.0949992  1.30614e-05
-9.22669e-05 -1.35173e-05       -0.095
Pre P 19
  0.325446
0.00451434
 -0.132373
Pre V 19
 9.52019
0.134369
-3.88645
Pre R 19
         21  -0.0358234  0.00903798
  0.0358228          21   0.0010386
-0.00904012 -0.00102016          21
Pre Cov 19
 6.03583e-08 -1.41184e-12  4.12057e-11  1.47408e-06 -4.98271e-11  1.43501e-09 -7.85334e-13 -1.76828e-10  -6.1161e-12
-1.41184e-12  6.04596e-08  5.78969e-13 -4.94746e-11  1.47761e-06  2.18066e-11  1.76326e-10 -8.63491e-13  4.34344e-10
 4.12057e-11  5.78969e-13  6.04428e-08  1.44015e-09  1.89355e-11  1.47702e-06   4.1387e-12 -4.34162e-10 -6.65334e-14
 1.47408e-06 -4.94746e-11  1.44015e-09  5.74214e-05 -1.84421e-09  5.30267e-08 -2.47171e-11 -7.09858e-09 -2.48134e-10
-4.98271e-11  1.47761e-06  1.89355e-11 -1.84421e-09  5.75511e-05  7.59754e-10  7.08296e-09 -2.71151e-11   1.7361e-08
 1.43501e-09  2.18066e-11  1.47702e-06  5.30267e-08  7.59754e-10  5.75295e-05  1.86132e-10 -1.73553e-08 -2.01508e-12
-7.85334e-13  1.76326e-10   4.1387e-12 -2.47171e-11  7.08296e-09  1.86132e-10  2.87912e-09 -3.22041e-19 -1.23504e-18
-1.76828e-10 -8.63491e-13 -4.34162e-10 -7.09858e-09 -2.71151e-11 -1.73553e-08 -3.22041e-19  2.87912e-09   9.3993e-18
 -6.1161e-12  4.34344e-10 -6.65334e-14 -2.48134e-10   1.7361e-08 -2.01508e-12 -1.23504e-18   9.3993e-18  2.87912e-09
Pre P jacobian gyr 19
-6.33292e-06   0.00614184  0.000211149
 -0.00614622 -6.99797e-06   -0.0150771
-0.000227061    0.0150786 -5.28909e-07
Pre P jacobian acc 19
  -0.0358749  3.66638e-05  -9.1204e-06
-3.66634e-05   -0.0358749 -9.63363e-07
 9.12181e-06  9.50063e-07   -0.0358749
Pre V jacobian gyr 19
-0.000349169     0.246556   0.00857184
   -0.246794 -0.000389559    -0.602674
   -0.009447     0.602759 -3.27791e-05
Pre V jacobian acc 19
       -1.05   0.00132829 -0.000332938
 -0.00132828        -1.05 -3.61829e-05
 0.000332999   3.5625e-05        -1.05
Pre Rot jacobian acc 19
  -0.0999988   -0.0003876  0.000101525
 0.000387619   -0.0999989  1.47268e-05
-0.000101449 -1.52537e-05   -0.0999998
